Sample,Plant,AMF,Fert,Shoot,Root,P,TotP_shoot,MR_shootbio,MR_rootbio,MR_TotP_shoot
7,Bt,197,High,3.33,16.68,0.280365652,0.009336176,0.020776567,2.2734409071085913,0.4604821810887602
24,Bt,197,High,2.34,8.19,0.228052524,0.005336429,-0.282697548,0.6072830353249018,-0.165208606
139,Bt,197,High,2.83,7.9,NA,NA,-0.132493188,0.5503706934147407,NA
176,Bt,197,High,3.74,6.49,0.199379665,0.007456799,0.14645776566757496,0.2736589620584388,0.16648641890631305
273,Bt,197,High,3.39,3.37,NA,NA,0.039168937,-0.338639337,NA
312,Bt,197,High,2.63,1.14,NA,NA,-0.19380109,-0.776275621,NA
354,Bt,197,High,2.77,2.82,NA,NA,-0.150885559,-0.446576537,NA
400,Bt,197,High,4.67,6.24,NA,NA,0.43153950953678466,0.22459659834278245,NA
403,Bt,197,High,2.78,7.41,NA,NA,-0.147820163,0.45420846053205416,NA
94,Bt,197,Low,1.01,0.23,NA,NA,0.030612245,-0.767676768,NA
104,Bt,197,Low,1.17,1.39,NA,NA,0.1938775510204081,0.404040404,NA
148,Bt,197,Low,1.01,1.85,NA,NA,0.030612245,0.8686868686868688,NA
241,Bt,197,Low,0.72,1.42,NA,NA,-0.265306122,0.4343434343434343,NA
287,Bt,197,Low,0.83,2.24,0.183002316,0.001518919,-0.153061224,1.2626262626262628,-0.381441053
325,Bt,197,Low,1.84,0.77,0.255975176,0.004709943,0.8775510204081634,-0.222222222,0.9180595563188854
355,Bt,197,Low,1.84,1.25,0.265376063,0.00488292,0.8775510204081634,0.26262626262626265,0.9885017821237186
394,Bt,197,Low,1.57,1.34,NA,NA,0.6020408163265307,0.35353535353535365,NA
422,Bt,197,Low,1.24,1.3,NA,NA,0.2653061224489796,0.3131313131313132,NA
50,Fi,197,High,5.14,31.61,0.112940936,0.005805164,0.19050376375217135,4.354224010163031,0.039329571
109,Fi,197,High,4.42,1.73,NA,NA,0.023740591,-0.706965911,NA
128,Fi,197,High,3.23,10.42,NA,NA,-0.251881876,0.7649798856658901,NA
142,Fi,197,High,3.63,3.68,NA,NA,-0.159235669,-0.376667372,NA
165,Fi,197,High,4.5,5.5,0.129340205,0.005820309,0.042269832,-0.068388736,0.042041081609342605
182,Fi,197,High,3.51,2.27,NA,NA,-0.187029531,-0.615498624,NA
203,Fi,197,High,3.12,2.13,NA,NA,-0.277359583,-0.639212365,NA
407,Fi,197,High,4.02,2.61,NA,NA,-0.068905617,-0.557908109,NA
16,Fi,197,Low,1.24,6.92,0.179077979,0.002220567,-0.332535885,1.3816443594646273,0.20983878922253488
21,Fi,197,Low,1.49,20.98,0.133438559,0.001988235,-0.197966507,6.220650095602295,0.083256358
41,Fi,197,Low,1.01,5.91,0.144396661,0.001458406,-0.456339713,1.034034416826004,-0.205411712
69,Fi,197,Low,1.38,8.39,NA,NA,-0.257177033,1.8875717017208418,NA
88,Fi,197,Low,1.71,4.24,NA,NA,-0.079545455,0.4592734225621416,NA
121,Fi,197,Low,1.51,2.39,NA,NA,-0.187200957,-0.177437859,NA
175,Fi,197,Low,2.94,2.24,NA,NA,0.5825358851674641,-0.229063098,NA
350,Fi,197,Low,2.45,5.25,NA,NA,0.3187799043062202,0.8068833652007649,NA
25,Ga,197,High,2.3,5.83,0.242650568,0.005580963,0.1393188854489164,0.1096835593623602,0.40033237118751774
211,Ga,197,High,1.38,2.1,0.201763735,0.00278434,-0.316408669,-0.60028551,-0.301374915
218,Ga,197,High,2.05,3.38,NA,NA,0.015479876160990714,-0.356650012,NA
232,Ga,197,High,1.68,3.22,NA,NA,-0.167801858,-0.387104449,NA
303,Ga,197,High,1.86,3.47,0.190153738,0.00353686,-0.078637771,-0.339519391,-0.112558383
351,Ga,197,High,1.82,6.48,NA,NA,-0.098452012,0.23340471092077092,NA
427,Ga,197,High,1.87,4.91,NA,NA,-0.073684211,-0.065429455,NA
35,Ga,197,Low,0.8,0.43,0.286454423,0.002291635,0.487603306,-0.533875339,0.30233024668813907
71,Ga,197,Low,0.64,0.31,NA,NA,0.19008264462809915,-0.66395664,NA
120,Ga,197,Low,0.7,0.41,NA,NA,0.30165289256198335,-0.555555556,NA
196,Ga,197,Low,0.51,0.87,0.218588323,0.0011148,-0.051652893,-0.056910569,-0.366461894
283,Ga,197,Low,0.64,1.3,0.302180125,0.001933953,0.19008264462809915,0.40921409214092147,0.099060193
365,Ga,197,Low,1.06,2.37,NA,NA,0.9710743801652892,1.5691056910569108,NA
58,To,197,High,1.96,6.83,0.153291962,0.003004522,-0.049203049,0.01528987,0.11145110384053945
116,To,197,High,1.72,7.05,NA,NA,-0.165627166,0.047993205,NA
133,To,197,High,1.76,3.01,NA,NA,-0.146223146,-0.55255893,NA
143,To,197,High,1.82,7.27,NA,NA,-0.117117117,0.080696539,NA
188,To,197,High,1.96,4.53,0.15715113,0.003080162,-0.049203049,-0.326608622,0.13943219611402785
213,To,197,High,1.91,6.11,0.129875901,0.00248063,-0.073458073,-0.091739223,-0.082350467
376,To,197,High,1.86,6.17,NA,NA,-0.097713098,-0.082820132,NA
416,To,197,High,1.83,9.12,NA,NA,-0.112266112,0.35570184752601397,NA
22,To,197,Low,0.65,5.9,0.29493999,0.00191711,-0.184441656,1.0694493160294636,0.029718618
74,To,197,Low,0.64,0.23,NA,NA,-0.196988708,-0.919326552,NA
125,To,197,Low,1.07,2.31,NA,NA,0.342534504,-0.18975798,NA
151,To,197,Low,0.89,2.92,NA,NA,0.11668757841907147,0.024202034373903877,NA
191,To,197,Low,0.7,2.93,0.273416641,0.001913916,-0.121706399,0.027709575587513215,0.028003352043389846
201,To,197,Low,0.48,2.58,0.231178002,0.001109654,-0.397741531,-0.095054367,-0.403982117
230,To,197,Low,0.97,2.39,NA,NA,0.21706398996235876,-0.16169765,NA
231,To,197,Low,0.29,1.24,NA,NA,-0.636135508,-0.56506489,NA
346,To,197,Low,0.78,2.43,NA,NA,-0.021329987,-0.147667485,NA
1,Bt,Aca,High,4.12,14.84,0.21935812700000001,0.009037555,0.26294277929155313,1.9123419101613606,0.41376806673090716
111,Bt,Aca,High,3.11,6.92,NA,NA,-0.046662125,0.35804622764936767,NA
152,Bt,Aca,High,2.37,3.87,0.222762075,0.005279461,-0.273501362,-0.24051461,-0.174120239
160,Bt,Aca,High,4.45,8.22,NA,NA,0.3641008174386921,0.6131705189707808,NA
200,Bt,Aca,High,4.56,5.41,NA,NA,0.39782016348773824,0.061709550806803376,NA
314,Bt,Aca,High,3.04,2.42,NA,NA,-0.068119891,-0.525076319,NA
324,Bt,Aca,High,3.7,10.35,NA,NA,0.13419618528610355,1.0311818578281726,NA
431,Bt,Aca,High,4.72,7.89,NA,NA,0.44686648501362386,0.5484081988661142,NA
10,Bt,Aca,Low,1.09,0,0.30541668,0.003329042,0.11224489795918377,-1,0.355706457
136,Bt,Aca,Low,0.98,3.21,NA,NA,0,2.242424242424242,NA
210,Bt,Aca,Low,0.86,0.64,NA,NA,-0.12244898,-0.353535354,NA
263,Bt,Aca,Low,1.07,0.93,NA,NA,0.091836735,-0.060606061,NA
280,Bt,Aca,Low,1.17,1.03,0.199691419,0.00233639,0.1938775510204081,0.04040404,-0.048537492
340,Bt,Aca,Low,1.27,1.36,0.212998954,0.002705087,0.2959183673469388,0.37373737373737387,0.10160933227595192
345,Bt,Aca,Low,1.43,0.74,NA,NA,0.4591836734693877,-0.252525253,NA
386,Bt,Aca,Low,1.44,1.22,NA,NA,0.4693877551020408,0.23232323232323232,NA
418,Bt,Aca,Low,1.54,1.08,NA,NA,0.5714285714285715,0.090909091,NA
48,Fi,Aca,High,4.21,10.41,0.153633934,0.006467989,-0.024898668,0.7632860470040227,0.15799858707345163
68,Fi,Aca,High,3.55,6.69,NA,NA,-0.17776491,0.13317806478932878,NA
205,Fi,Aca,High,7.19,7.35,0.125164173,0.008999304,0.6653155761436017,0.24497141647258083,0.6111935211171313
220,Fi,Aca,High,7.5,20.54,NA,NA,0.7371163867979155,2.4791446114757565,NA
266,Fi,Aca,High,6.59,32.66,NA,NA,0.5263462651997683,4.532077069659113,NA
333,Fi,Aca,High,5.25,2.08,NA,NA,0.21598147075854085,-0.647681558,NA
405,Fi,Aca,High,6.2,8.1,NA,NA,0.43601621308627686,0.3720093161126401,NA
426,Fi,Aca,High,2.91,1.85,NA,NA,-0.325998842,-0.686639848,NA
19,Fi,Aca,Low,1.61,4.18,0.129262297,0.002081123,-0.133373206,0.438623327,0.13386507900395292
87,Fi,Aca,Low,1.51,2.14,NA,NA,-0.187200957,-0.263479924,NA
112,Fi,Aca,Low,1.69,7.81,NA,NA,-0.090311005,1.6879541108986613,NA
135,Fi,Aca,Low,1.97,2.82,NA,NA,0.060406698564593304,-0.029445507,NA
226,Fi,Aca,Low,1.98,2.93,NA,NA,0.065789474,0.008413002,NA
311,Fi,Aca,Low,2.16,2.07,0.110436062,0.002385419,0.16267942583732067,-0.287571702,0.2996556463684425
321,Fi,Aca,Low,1.2,1.63,NA,NA,-0.354066986,-0.439005736,NA
401,Fi,Aca,Low,1.65,2.62,NA,NA,-0.111842105,-0.098279159,NA
29,Ga,Aca,High,1.67,1.92,0.275311127,0.004597696,-0.172755418,-0.634546752,0.15361850939492927
42,Ga,Aca,High,2.01,4.81,0.189963228,0.003818261,-0.004334365,-0.084463478,-0.041951317
108,Ga,Aca,High,2,4.32,NA,NA,-0.009287926,-0.177730193,NA
129,Ga,Aca,High,2.34,2.71,NA,NA,0.15913312693498455,-0.484177968,NA
195,Ga,Aca,High,1.06,0.13,NA,NA,-0.474922601,-0.97525577,NA
219,Ga,Aca,High,2.02,2.72,NA,NA,6.191950464397253e-4,-0.482274566,NA
234,Ga,Aca,High,1.81,4.42,NA,NA,-0.103405573,-0.158696169,NA
271,Ga,Aca,High,2.46,4.53,NA,NA,0.21857585139318894,-0.137758744,NA
297,Ga,Aca,High,2.15,5.09,0.170039326,0.003655846,0.06501548,-0.031168213,-0.082703334
23,Ga,Aca,Low,0.72,5.89,0.187021222,0.001346553,0.33884297520661144,5.384823848238482,-0.234757654
67,Ga,Aca,Low,0.58,0.13,0.292732147,0.001697846,0.078512397,-0.859078591,-0.035118412
79,Ga,Aca,Low,0.83,0,NA,NA,0.54338843,-1,NA
102,Ga,Aca,Low,0.67,1.29,NA,NA,0.24586776859504134,0.39837398373983746,NA
189,Ga,Aca,Low,0.61,0.25,0.25195134,0.001536903,0.13429752066115697,-0.72899729,-0.126582045
269,Ga,Aca,Low,0.51,1,NA,NA,-0.051652893,0.08401084,NA
419,Ga,Aca,Low,1.07,0.84,NA,NA,0.9896694214876034,-0.089430894,NA
57,To,Aca,High,1.91,9.07,0.117482479,0.002243915,-0.073458073,0.3482692716075601,-0.169917273
59,To,Aca,High,2.12,10.36,0.157613271,0.003341401,0.028413028413028486,0.5400297303036738,0.2360713786875624
93,To,Aca,High,1.66,5.3,NA,NA,-0.194733195,-0.212146953,NA
113,To,Aca,High,1.71,6.69,NA,NA,-0.17047817,-0.005521342,NA
185,To,Aca,High,2.67,10.39,NA,NA,0.29521829521829523,0.5444892758547464,NA
251,To,Aca,High,1.64,5.35,NA,NA,-0.204435204,-0.204714377,NA
260,To,Aca,High,2.14,6.65,NA,NA,0.038115038,-0.011467403,NA
300,To,Aca,High,3.08,8.68,0.040912936,0.001260118,0.4941094941094942,0.2902951794436186,-0.533849376
339,To,Aca,High,2.04,5.52,NA,NA,-0.01039501,-0.179443619,NA
86,To,Aca,Low,0.55,1.78,NA,NA,-0.309912171,-0.375657664,NA
126,To,Aca,Low,0.7,1.97,NA,NA,-0.121706399,-0.309014381,NA
149,To,Aca,Low,0.84,2.12,NA,NA,0.053952321204516845,-0.256401263,NA
199,To,Aca,Low,0.73,2.11,0.359459927,0.002624057,-0.084065245,-0.259908804,0.4094344713867796
204,To,Aca,Low,0.71,2.55,NA,NA,-0.109159348,-0.105576991,NA
320,To,Aca,Low,0.69,2.17,0.346378688,0.002390013,-0.13425345,-0.238863557,0.28372441422450684
342,To,Aca,Low,0.69,1.9,NA,NA,-0.13425345,-0.333567169,NA
375,To,Aca,Low,1.02,3.9,NA,NA,0.2797992471769134,0.36794107330761133,NA
85,Bt,Ctrl,High,NA,NA,NA,NA,NA,NA,NA
117,Bt,Ctrl,High,2.88,3.69,NA,NA,-0.117166213,-0.275839512,NA
119,Bt,Ctrl,High,3.3,10.55,NA,NA,0.011580381,1.070431748800698,NA
180,Bt,Ctrl,High,4.79,8.78,0.115880549,0.005550678,0.4683242506811989,0.7230702136938508,-0.131693044
194,Bt,Ctrl,High,3.33,5.85,0.216833153,0.007220544,0.020776567,0.14805931094635844,0.1295283640015676
302,Bt,Ctrl,High,3,3.74,0.213545594,0.006406368,-0.080381471,-0.266027039,0.00216468
344,Bt,Ctrl,High,2.57,3.2,NA,NA,-0.21219346,-0.372001744,NA
409,Bt,Ctrl,High,2.73,3.62,NA,NA,-0.163147139,-0.289576973,NA
415,Bt,Ctrl,High,3.09,4.14,NA,NA,-0.052792916,-0.187527257,NA
425,Bt,Ctrl,High,3.67,2.29,NA,NA,0.12499999999999993,-0.550588748,NA
8,Bt,Ctrl,Low,1.15,1.22,0.273829948,0.003149044,0.17346938775510198,0.23232323232323232,0.28240498936043146
137,Bt,Ctrl,Low,0.98,0.51,NA,NA,0,-0.484848485,NA
181,Bt,Ctrl,Low,0.64,1.7,NA,NA,-0.346938776,0.7171717171717171,NA
208,Bt,Ctrl,Low,0.76,1.31,NA,NA,-0.224489796,0.3232323232323233,NA
238,Bt,Ctrl,Low,1.28,0.58,NA,NA,0.3061224489795919,-0.414141414,NA
272,Bt,Ctrl,Low,0.85,0.63,NA,NA,-0.132653061,-0.363636364,NA
290,Bt,Ctrl,Low,1.08,1.09,0.218370732,0.002358404,0.10204081632653071,0.1010101010101011,-0.03957247
308,Bt,Ctrl,Low,1.1,0.88,0.169025743,0.001859283,0.12244897959183684,-0.111111111,-0.242832519
33,Fi,Ctrl,High,2.93,6.29,NA,NA,-0.321366532,0.065424518,NA
153,Fi,Ctrl,High,4.7,3.2,0.105099132,0.004939659,0.088592936,-0.457971628,-0.1156264
170,Fi,Ctrl,High,4.04,6.14,0.154240575,0.006231319,-0.064273306,0.040016938,0.11562640046539714
237,Fi,Ctrl,High,3.26,2.87,NA,NA,-0.244933411,-0.513868304,NA
259,Fi,Ctrl,High,4.69,5.73,NA,NA,0.086276781,-0.029430447,NA
323,Fi,Ctrl,High,5.35,7.83,NA,NA,0.23914302258251297,0.3262756722422188,NA
369,Fi,Ctrl,High,3.42,10.49,NA,NA,-0.207874928,0.7768367562989624,NA
421,Fi,Ctrl,High,6.15,4.68,NA,NA,0.4244354371742908,-0.207283506,NA
100,Fi,Ctrl,Low,1.33,1.94,NA,NA,-0.284090909,-0.332313576,NA
140,Fi,Ctrl,Low,1.6,1.42,NA,NA,-0.138755981,-0.511281071,NA
161,Fi,Ctrl,Low,1.52,1.26,0.113561925,0.001726141,-0.181818182,-0.566347992,-0.05954078
235,Fi,Ctrl,Low,2.14,4,NA,NA,0.1519138755980862,0.3766730401529637,NA
252,Fi,Ctrl,Low,1.55,3.1,NA,NA,-0.165669856,0.066921606,NA
306,Fi,Ctrl,Low,1.73,4.81,0.107622222,0.001861864,-0.068779904,0.6554493307839387,0.014405726907632989
331,Fi,Ctrl,Low,1.98,3.17,0.09688211,0.001918266,0.065789474,0.091013384,0.045135053
395,Fi,Ctrl,Low,1.86,2.13,NA,NA,0.001196172,-0.266921606,NA
420,Fi,Ctrl,Low,3.01,4.32,NA,NA,0.6202153110047846,0.4868068833652009,NA
101,Ga,Ctrl,High,1.49,6.8,NA,NA,-0.261919505,0.2943135855341422,NA
123,Ga,Ctrl,High,2.34,2.36,NA,NA,0.15913312693498455,-0.55079705,NA
144,Ga,Ctrl,High,2.26,3.66,NA,NA,0.1195046439628483,-0.303354747,NA
159,Ga,Ctrl,High,1.93,2.18,0.200510496,0.003869853,-0.043962848,-0.585058292,-0.029006326
257,Ga,Ctrl,High,1.9,9.35,NA,NA,-0.058823529,0.7796811801094455,NA
284,Ga,Ctrl,High,2.45,3.32,0.218854112,0.005361926,0.21362229102167202,-0.368070426,0.3453732098068076
301,Ga,Ctrl,High,1.64,2.9,0.166133519,0.00272459,-0.187616099,-0.448013324,-0.316366884
327,Ga,Ctrl,High,2.14,11.46,NA,NA,0.060061919504644116,1.1812990720913634,NA
12,Ga,Ctrl,Low,0.53,3.26,0.358908165,0.001902213,-0.01446281,2.5338753387533877,0.081022706
32,Ga,Ctrl,Low,0.45,NA,NA,NA,-0.16322314,NA,NA
76,Ga,Ctrl,Low,0.7,0,NA,NA,0.30165289256198335,-1,NA
95,Ga,Ctrl,Low,0.79,1.05,NA,NA,0.4690082644628099,0.1382113821138212,NA
167,Ga,Ctrl,Low,0.53,0.76,0.286433142,0.001518096,-0.01446281,-0.176151762,-0.137270309
225,Ga,Ctrl,Low,0.24,0.09,NA,NA,-0.553719008,-0.902439024,NA
261,Ga,Ctrl,Low,0.71,0.98,NA,NA,0.3202479338842974,0.062330623,NA
292,Ga,Ctrl,Low,0.72,1.12,0.258141383,0.001858618,0.33884297520661144,0.21409214092140935,0.056247604
315,Ga,Ctrl,Low,0.17,0.12,NA,NA,-0.683884298,-0.869918699,NA
61,To,Ctrl,High,1.2,4.17,0.153631787,0.001843581,-0.417879418,-0.380123168,-0.318011211
80,To,Ctrl,High,2.95,10.84,NA,NA,0.43104643104643114,0.6113824591208324,NA
131,To,Ctrl,High,1.7,4.59,NA,NA,-0.175329175,-0.317689531,NA
198,To,Ctrl,High,2.1,7.17,0.14635573,0.00307347,0.018711018711018775,0.065831387,0.13695671835884338
277,To,Ctrl,High,1.97,7.53,NA,NA,-0.044352044,0.11934593331917613,NA
310,To,Ctrl,High,2.67,6.81,0.11957593,0.003192677,0.29521829521829523,0.012316840093438081,0.18105449257173417
388,To,Ctrl,High,1.84,5.98,NA,NA,-0.107415107,-0.11106392,NA
14,To,Ctrl,Low,0.75,3.21,0.264151433,0.001981136,-0.058971142,0.12592072956857242,0.06410818
26,To,Ctrl,Low,0.71,5.91,0.231944704,0.001646807,-0.109159348,1.0729568572430728,-0.115466355
46,To,Ctrl,Low,0.49,1.97,NA,NA,-0.385194479,-0.309014381,NA
82,To,Ctrl,Low,0.71,2.31,NA,NA,-0.109159348,-0.18975798,NA
245,To,Ctrl,Low,0.81,2.15,NA,NA,0.016311166875784204,-0.245878639,NA
298,To,Ctrl,Low,0.89,2.28,0.219932364,0.001957398,0.11668757841907147,-0.200280603,0.051358176
328,To,Ctrl,Low,0.96,3.3,NA,NA,0.20451693851944783,0.1574886004910557,NA
330,To,Ctrl,Low,0.87,2.4,NA,NA,0.091593476,-0.158190109,NA
359,To,Ctrl,Low,0.87,2.66,NA,NA,0.091593476,-0.066994037,NA
430,To,Ctrl,Low,0.91,2.32,NA,NA,0.14178168130489333,-0.186250438,NA
43,Bt,Cuba,High,2.55,10.54,0.234897448,0.005989885,-0.218324251,1.0684692542520715,-0.062986816
62,Bt,Cuba,High,2.97,13.63,0.163883072,0.004867327,-0.089577657,1.6748800697775843,-0.238591417
105,Bt,Cuba,High,5.16,16.88,NA,NA,0.58174386920980925,2.312690798081116,NA
130,Bt,Cuba,High,3.92,7.09,NA,NA,0.2016348773841961,0.39140863497601397,NA
190,Bt,Cuba,High,4.35,4.39,0.13829841,0.006015981,0.3334468664850135,-0.138464893,-0.058904565
228,Bt,Cuba,High,2.86,6.02,NA,NA,-0.123297003,0.18142171827300474,NA
253,Bt,Cuba,High,2.72,2.8,NA,NA,-0.166212534,-0.450501526,NA
316,Bt,Cuba,High,2.67,1.66,NA,NA,-0.18153951,-0.674225905,NA
372,Bt,Cuba,High,3.34,2.73,NA,NA,0.023841962,-0.464238988,NA
3,Bt,Cuba,Low,0.86,NA,0.37858032,0.003255791,-0.12244898,NA,0.3258759711443256
72,Bt,Cuba,Low,1.04,0.44,0.220516504,0.002293372,0.06122449,-0.555555556,-0.066055965
145,Bt,Cuba,Low,1.61,1.49,NA,NA,0.642857143,0.5050505050505051,NA
154,Bt,Cuba,Low,1,0.69,0.286692763,0.002866928,0.020408163,-0.303030303,0.1675168170103426
212,Bt,Cuba,Low,1.14,1.55,NA,NA,0.1632653061224489,0.5656565656565657,NA
391,Bt,Cuba,Low,1.02,1.74,NA,NA,0.040816327,0.7575757575757576,NA
402,Bt,Cuba,Low,1.33,1.92,NA,NA,0.35714285714285726,0.9393939393939393,NA
413,Bt,Cuba,Low,1.57,1.55,NA,NA,0.6020408163265307,0.5656565656565657,NA
27,Fi,Cuba,High,5.66,18.57,0.162040377,0.009171485,0.31094383323682695,2.145458395087868,0.6420200598160067
55,Fi,Cuba,High,5.78,19.88,0.162836003,0.009411921,0.3387376954255936,2.367351259792504,0.6850665371895928
66,Fi,Cuba,High,4.32,6.14,NA,NA,5.790387955993956e-4,0.040016938,NA
81,Fi,Cuba,High,3.66,6.73,NA,NA,-0.152287203,0.13995341943679862,NA
197,Fi,Cuba,High,4.43,3.81,NA,NA,0.026056745801968692,-0.35464747,NA
264,Fi,Cuba,High,5.71,3.67,NA,NA,0.322524609,-0.378361211,NA
299,Fi,Cuba,High,4.52,3.37,0.15526393,0.00701793,0.046902142,-0.429176371,0.25645746743905995
347,Fi,Cuba,High,5.11,3.51,NA,NA,0.18355529820497984,-0.40546263,NA
380,Fi,Cuba,High,5.89,11.36,NA,NA,0.3642154024319629,0.92420072,NA
18,Fi,Cuba,Low,1.47,12.17,0.213190071,0.003133894,-0.208732057,3.1885277246653922,0.7074497993132789
141,Fi,Cuba,Low,2.31,9.24,NA,NA,0.24342105263157898,2.1801147227533466,NA
192,Fi,Cuba,Low,1.95,5.37,0.102902267,0.002006594,0.049641148,0.8481835564053538,0.093259321
256,Fi,Cuba,Low,1.99,2.44,NA,NA,0.071172249,-0.160229446,NA
276,Fi,Cuba,Low,2.08,2.85,NA,NA,0.11961722488038283,-0.019120459,NA
313,Fi,Cuba,Low,1.92,2.02,0.101914382,0.001956756,0.033492823,-0.304780115,0.066105881
360,Fi,Cuba,Low,2.2,8.15,NA,NA,0.18421052631578957,1.8049713193116639,NA
364,Fi,Cuba,Low,2.27,3.49,NA,NA,0.22188995215311008,0.20114722753346093,NA
424,Fi,Cuba,Low,1.98,2.57,NA,NA,0.065789474,-0.115487572,NA
52,Ga,Cuba,High,2.77,3.52,0.215753673,0.005976377,0.37213622291021686,-0.330002379,0.4995465331706816
162,Ga,Cuba,High,1.75,2.82,0.202213906,0.003538743,-0.133126935,-0.463240542,-0.112085707
247,Ga,Cuba,High,2.35,3.4,NA,NA,0.1640866873065017,-0.352843207,NA
278,Ga,Cuba,High,2.18,3.2,NA,NA,0.079876161,-0.390911254,NA
288,Ga,Cuba,High,2.03,3.55,0.214707109,0.004358554,0.005572755,-0.324292172,0.09361496
317,Ga,Cuba,High,2.22,5.01,NA,NA,0.099690402,-0.046395432,NA
366,Ga,Cuba,High,1.63,2.33,NA,NA,-0.192569659,-0.556507257,NA
13,Ga,Cuba,Low,0.6,0.19,0.223255186,0.001339531,0.1157024793388429,-0.79403794,-0.238748057
110,Ga,Cuba,Low,0.67,0.3,NA,NA,0.24586776859504134,-0.674796748,NA
177,Ga,Cuba,Low,0.5,0.86,0.190728223,9.536411150000001e-4,-0.070247934,-0.067750678,-0.45804831
193,Ga,Cuba,Low,0.49,0.6,NA,NA,-0.088842975,-0.349593496,NA
265,Ga,Cuba,Low,0.36,0.34,NA,NA,-0.330578512,-0.631436314,NA
305,Ga,Cuba,Low,0.65,0.99,0.183653666,0.001193749,0.20867768595041322,0.073170732,-0.32159574
334,Ga,Cuba,Low,0.65,1.13,NA,NA,0.20867768595041322,0.22493224932249312,NA
385,Ga,Cuba,Low,0.54,0.72,NA,NA,0.004132231,-0.219512195,NA
44,To,Cuba,High,1.7,6.61,0.138675897,0.00235749,-0.175329175,-0.017413464,-0.12790296
91,To,Cuba,High,1.41,4.16,0.094291464,0.00132951,-0.316008316,-0.381609684,-0.508179758
106,To,Cuba,High,1.9,8.19,NA,NA,-0.078309078,0.21745593544276914,NA
239,To,Cuba,High,2.43,7.71,NA,NA,0.1787941787941789,0.14610320662561058,NA
296,To,Cuba,High,1.58,5.37,0.036048439,5.695653362000001e-4,-0.233541234,-0.201741346,-0.789302949
397,To,Cuba,High,2.94,1.86,NA,NA,0.4261954261954262,-0.723508176,NA
428,To,Cuba,High,1.99,5.75,NA,NA,-0.034650035,-0.145253769,NA
56,To,Cuba,Low,0.73,2.29,0.149498481,0.001091339,-0.084065245,-0.196773062,-0.413819743
84,To,Cuba,Low,1.14,2.54,0.140329684,0.001599758,0.4303638644918442,-0.109084532,-0.140737328
89,To,Cuba,Low,0.65,1.49,NA,NA,-0.184441656,-0.477376359,NA
127,To,Cuba,Low,0.85,4.98,NA,NA,0.066499373,0.7467555243774116,NA
221,To,Cuba,Low,0.69,2.67,NA,NA,-0.13425345,-0.063486496,NA
255,To,Cuba,Low,0.82,2.48,NA,NA,0.028858218318694992,-0.130129779,NA
262,To,Cuba,Low,0.83,2.29,NA,NA,0.04140527,-0.196773062,NA
319,To,Cuba,Low,0.72,2.05,0.198060401,0.001426035,-0.096612296,-0.280954051,-0.234047748
423,To,Cuba,Low,1.1,2.42,NA,NA,0.3801756587202008,-0.151175026,NA
17,Bt,Fun,High,2.74,2.79,0.330308973,0.009050466,-0.160081744,-0.452464021,0.4157877721878384
38,Bt,Fun,High,2.59,15.7,NA,NA,-0.20606267,2.081116441343218,NA
78,Bt,Fun,High,3.55,12.13,NA,NA,0.088215259,1.380505887483646,NA
158,Bt,Fun,High,3.02,6.83,0.223093753,0.006737431,-0.074250681,0.3403837767117314,0.053953803
250,Bt,Fun,High,4.07,5.13,NA,NA,0.24761580381471393,0.006759703,NA
281,Bt,Fun,High,2.21,4.87,0.197691568,0.004368984,-0.322547684,-0.044265155,-0.316548592
353,Bt,Fun,High,3.07,6.85,NA,NA,-0.058923706,0.34430876580898384,NA
378,Bt,Fun,High,3,2.59,NA,NA,-0.080381471,-0.491713912,NA
382,Bt,Fun,High,3.23,3.32,NA,NA,-0.009877384,-0.34845181,NA
28,Bt,Fun,Low,1.11,7.42,0.281351813,0.003123005,0.13265306122448992,6.494949494949495,0.2718008519209554
157,Bt,Fun,Low,0.85,2.48,0.240122163,0.002041038,-0.132653061,1.505050505050505,-0.16881521
172,Bt,Fun,Low,1.35,0.99,0.204047379,0.00275464,0.3775510204081634,0,0.12178906904136633
187,Bt,Fun,Low,0.84,3.69,NA,NA,-0.142857143,2.7272727272727275,NA
202,Bt,Fun,Low,0.89,5.51,NA,NA,-0.091836735,4.565656565656565,NA
229,Bt,Fun,Low,1.18,1.69,NA,NA,0.20408163265306117,0.7070707070707071,NA
246,Bt,Fun,Low,0.97,0.87,NA,NA,-0.010204082,-0.121212121,NA
326,Bt,Fun,Low,1.11,3.6,NA,NA,0.13265306122448992,2.6363636363636367,NA
348,Bt,Fun,Low,1.12,0.76,NA,NA,0.142857143,-0.232323232,NA
51,Fi,Fun,High,2.89,6.11,0.212009026,0.006127061,-0.330631152,0.034935422,0.096960465
73,Fi,Fun,High,4.2,5.87,NA,NA,-0.027214823,-0.005716705,NA
124,Fi,Fun,High,3.59,1.74,NA,NA,-0.16850029,-0.705272073,NA
236,Fi,Fun,High,3.13,8.41,NA,NA,-0.275043428,0.42451831463053136,NA
294,Fi,Fun,High,3.91,3.7,0.136839427,0.005350422,-0.094383324,-0.373279695,-0.042085413
307,Fi,Fun,High,4.35,3.74,0.14454941599999999,0.0062879,0.007527504,-0.36650434,0.12575628592427351
322,Fi,Fun,High,4.77,23.23,NA,NA,0.10480602200347416,2.934787211518103,NA
399,Fi,Fun,High,3.5,8.04,NA,NA,-0.189345686,0.36184628414143527,NA
417,Fi,Fun,High,4.97,2.86,NA,NA,0.15112912565141862,-0.515562143,NA
54,Fi,Fun,Low,1.51,1.12,0.118869546,0.00179493,-0.187200957,-0.614531549,-0.022062306
63,Fi,Fun,Low,1.53,10.55,NA,NA,-0.176435407,2.6309751434034423,NA
209,Fi,Fun,Low,2.19,6.89,NA,NA,0.17882775119617222,1.3713193116634799,NA
291,Fi,Fun,Low,2,3.44,0.147111463,0.002942229,0.076555024,0.18393881453154878,0.6030244448180088
304,Fi,Fun,Low,2.11,4.29,0.12912853,0.002724612,0.1357655502392344,0.4764818355640536,0.48445930803946535
335,Fi,Fun,Low,1.93,19.01,NA,NA,0.038875598,.,NA
352,Fi,Fun,Low,2.23,11.08,NA,NA,0.20035885167464115,2.8133843212237095,NA
363,Fi,Fun,Low,2.99,8.27,NA,NA,0.6094497607655504,1.8462715105162526,NA
387,Fi,Fun,Low,2.37,3.9,NA,NA,0.27571770334928236,0.3422562141491396,NA
132,Ga,Fun,High,1.68,3.31,NA,NA,-0.167801858,-0.369973828,NA
146,Ga,Fun,High,2.16,4.13,NA,NA,0.06996904,-0.213894837,NA
168,Ga,Fun,High,1.83,3.62,0.191775319,0.003509488,-0.093498452,-0.310968356,-0.119426151
224,Ga,Fun,High,1.62,3.66,0.196499813,0.003183297,-0.19752322,-0.303354747,-0.201271583
254,Ga,Fun,High,1.8,3.28,NA,NA,-0.108359133,-0.375684035,NA
337,Ga,Fun,High,1.71,2.98,0.188947894,0.003231009,-0.152941176,-0.432786105,-0.18930005
361,Ga,Fun,High,1.13,2.5,NA,NA,-0.440247678,-0.524149417,NA
398,Ga,Fun,High,1.35,1.94,NA,NA,-0.33126935,-0.630739948,NA
414,Ga,Fun,High,2.21,3.54,NA,NA,0.094736842,-0.326195575,NA
432,Ga,Fun,High,3.77,3.95,NA,NA,0.8674922600619197,-0.248156079,NA
96,Ga,Fun,Low,0.66,0.73,0.326919436,0.002157668,0.2272727272727273,-0.208672087,0.22619709917953515
173,Ga,Fun,Low,0.74,0.89,0.278484301,0.002060784,0.3760330578512396,-0.035230352,0.17113792580048984
371,Ga,Fun,Low,0.79,1.99,0.156749903,0.001238324,0.4690082644628099,1.1571815718157181,-0.296263657
389,Ga,Fun,Low,1.03,0.51,NA,NA,0.9152892561983471,-0.447154472,NA
406,Ga,Fun,Low,0.7,1.15,NA,NA,0.30165289256198335,0.24661246612466117,NA
31,To,Fun,High,1.36,8.28,0.055041719,7.485673784e-4,-0.34026334,0.23083457209598637,-0.723085432
155,To,Fun,High,3.02,10.23,0.096050472,0.002900724,0.46500346500346507,0.5207050329156935,0.073053446
164,To,Fun,High,2.01,7.85,0.138413121,0.002782104,-0.024948025,0.16691441919728178,0.029172626
214,To,Fun,High,1.86,6.43,NA,NA,-0.097713098,-0.044170737,NA
217,To,Fun,High,2.21,6.95,NA,NA,0.072072072,0.033128053,NA
356,To,Fun,High,1.85,6.41,NA,NA,-0.102564103,-0.047143767,NA
392,To,Fun,High,2.04,11.36,NA,NA,-0.01039501,0.6886812486727543,NA
11,To,Fun,Low,0.51,13.89,0.342354684,0.001746009,-0.360100376,3.8719747457032625,-0.062183224
40,To,Fun,Low,0.61,2.55,0.328384563,0.002003146,-0.234629862,-0.105576991,0.075930244
70,To,Fun,Low,0.82,1.22,NA,NA,0.028858218318694992,-0.572079972,NA
98,To,Fun,Low,0.94,2.66,NA,NA,0.17942283563362596,-0.066994037,NA
183,To,Fun,Low,0.65,2.27,NA,NA,-0.184441656,-0.203788145,NA
282,To,Fun,Low,0.98,3.6,0.150737031,0.001477223,0.22961104140526967,0.2627148368993336,-0.206553626
381,To,Fun,Low,0.83,4.14,NA,NA,0.04140527,0.4521220624342335,NA
47,Bt,Gig,High,3.26,19.91,0.173039164,0.005641077,-6.81E-04,2.9073266463148713,-0.117551781
65,Bt,Gig,High,2.92,6.35,0.396049807,0.011564654364399999,-0.104904632,0.24618403837767114,0.8090887796945314
115,Bt,Gig,High,4.75,19.17,NA,NA,0.45606267029972747,2.7621020497165287,NA
174,Bt,Gig,High,3.5,7.84,NA,NA,0.072888283,0.538595726,NA
178,Bt,Gig,High,2.98,2.35,NA,NA,-0.086512262,-0.538813781,NA
275,Bt,Gig,High,3.62,23.96,NA,NA,0.10967302452316074,3.702136938508504,NA
349,Bt,Gig,High,3.55,3.6,NA,NA,0.088215259,-0.293501962,NA
49,Bt,Gig,Low,0.92,7.83,0.309788019,0.00285005,-0.06122449,6.909090909090909,0.16064354278644286
171,Bt,Gig,Low,0.71,1.11,0.182817612,0.001298005,-0.275510204,0.12121212121212133,-0.471405311
244,Bt,Gig,Low,1.06,1.28,NA,NA,0.081632653,0.292929293,NA
285,Bt,Gig,Low,1.05,0.87,0.26169167,0.002747763,0.071428571,-0.121212121,0.11898847225643779
358,Bt,Gig,Low,1.07,1.42,NA,NA,0.091836735,0.4343434343434343,NA
377,Bt,Gig,Low,1.13,0.68,NA,NA,0.15306122448979584,-0.313131313,NA
393,Bt,Gig,Low,1.36,1.05,NA,NA,0.3877551020408164,0.060606061,NA
396,Bt,Gig,Low,1.11,1.31,NA,NA,0.13265306122448992,0.3232323232323233,NA
411,Bt,Gig,Low,1.09,1.77,NA,NA,0.11224489795918377,0.787878788,NA
77,Fi,Gig,High,4.56,4.12,NA,NA,0.056166763,-0.302138471,NA
107,Fi,Gig,High,4.35,18.11,NA,NA,0.007527504,2.0675418166419646,NA
122,Fi,Gig,High,4.76,3.73,NA,NA,0.10248986682107698,-0.368198179,NA
147,Fi,Gig,High,5.25,9.26,NA,NA,0.21598147075854085,0.5684946008892652,NA
179,Fi,Gig,High,5.18,11.23,0.174978952,0.00906391,0.19976838448176024,0.9021808172771543,0.6227602205395142
286,Fi,Gig,High,3.95,2.99,0.157279356,0.006212535,-0.085118703,-0.49354224,0.11226328091217574
374,Fi,Gig,High,3.84,10.07,NA,NA,-0.11059641,0.7056955325005292,NA
410,Fi,Gig,High,6.16,13.39,NA,NA,0.42675159235668797,1.268049968240525,NA
6,Fi,Gig,Low,1.77,6.15,0.166095522,0.002939891,-0.047248804,1.116634799235182,0.6017503409480369
34,Fi,Gig,Low,1.63,22.62,NA,NA,-0.122607656,6.785086042065011,NA
53,Fi,Gig,Low,1.17,10.27,NA,NA,-0.370215311,2.5346080305927345,NA
90,Fi,Gig,Low,1.8,6.13,NA,NA,-0.031100478,1.1097514340344168,NA
156,Fi,Gig,Low,1.17,3.51,0.14733784,0.001723853,-0.370215311,0.20803059273422558,-0.060787648
169,Fi,Gig,Low,2,4.58,0.1750949,0.003501898,0.076555024,0.5762906309751434,0.9079506052017493
215,Fi,Gig,Low,2.59,4.96,NA,NA,0.3941387559808612,0.70707457,NA
295,Fi,Gig,Low,2.27,2.32,NA,NA,0.22188995215311008,-0.201529637,NA
412,Fi,Gig,Low,2.32,4.17,NA,NA,0.2488038277511961,0.43518164435946466,NA
75,Ga,Gig,High,2.49,3.22,0.2358818,0.005873457,0.23343653250774016,-0.387104449,0.4737226570933811
249,Ga,Gig,High,1.84,3.69,NA,NA,-0.088544892,-0.29764454,NA
267,Ga,Gig,High,1.62,3.32,NA,NA,-0.19752322,-0.368070426,NA
289,Ga,Gig,High,2.58,2.83,0.269862767,0.006962459,0.27801857585139333,-0.46133714,0.7469668143524976
338,Ga,Gig,High,1.87,3.58,0.159186664,0.002976791,-0.073684211,-0.318581965,-0.25308657
408,Ga,Gig,High,2.33,1.81,NA,NA,0.15417956656346762,-0.655484178,NA
36,Ga,Gig,Low,0.45,NA,0.321228773,0.001445529,-0.16322314,NA,-0.178509472
92,Ga,Gig,Low,0.58,0.62,0.387754339,0.002248975,0.078512397,-0.327913279,0.2780865592502757
99,Ga,Gig,Low,0.62,0.51,0.237011862,0.001469474,0.152892562,-0.447154472,-0.164902123
134,Ga,Gig,Low,0.51,0.15,NA,NA,-0.051652893,-0.837398374,NA
233,Ga,Gig,Low,0.45,1.28,NA,NA,-0.16322314,0.38753387533875344,NA
243,Ga,Gig,Low,0.53,0.92,NA,NA,-0.01446281,-0.002710027,NA
429,Ga,Gig,Low,0.75,0.9,NA,NA,0.3946280991735537,-0.024390244,NA
2,To,Gig,High,2.65,32.43,0.130640766,0.00346198,0.2855162855162855,3.820768741,0.2806766739713433
64,To,Gig,High,2.47,12.17,0.112999827,0.002791096,0.1981981981981983,0.8090889785517096,0.032498998707306305
118,To,Gig,High,1.83,5.19,NA,NA,-0.112266112,-0.22849862,NA
184,To,Gig,High,1.8,4.29,NA,NA,-0.126819127,-0.362284986,NA
270,To,Gig,High,2.75,7.73,NA,NA,0.334026334,0.14907623699299224,NA
293,To,Gig,High,2.08,4.97,0.082891216,0.001724137,0.009009009,-0.261201954,-0.362196713
379,To,Gig,High,2.43,11.73,NA,NA,0.1787941787941789,0.7436823104693142,NA
404,To,Gig,High,2.64,7.48,NA,NA,0.28066528066528074,0.11191335740072213,NA
138,To,Gig,Low,0.67,1.97,NA,NA,-0.159347553,-0.309014381,NA
166,To,Gig,Low,0.6,1.92,0.266542533,0.001599255,-0.247176913,-0.326552087,-0.141007606
186,To,Gig,Low,0.48,1.79,0.317026914,0.001521729,-0.397741531,-0.372150123,-0.182648399
223,To,Gig,Low,0.89,2.92,NA,NA,0.11668757841907147,0.024202034373903877,NA
248,To,Gig,Low,0.77,2.18,NA,NA,-0.033877039,-0.235356015,NA
274,To,Gig,Low,0.85,3.01,NA,NA,0.066499373,0.055769905296387166,NA
309,To,Gig,Low,0.73,1.81,0.326182464,0.002381132,-0.084065245,-0.36513504,0.27895427053674676
341,To,Gig,Low,0.25,2.79,NA,NA,-0.686323714,-0.021396001,NA
370,To,Gig,Low,2.83,8.46,NA,NA,2.550815558343789,1.9673798667134341,NA
